2016.0    90829
2015.0    69805
2017.0    43217
2013.0    38751
2012.0    37221
2014.0    32602
2011.0     6010
2018.0      221
2010.0      189
2002.0        3
2009.0        1
2008.0        1
2003.0        1
Name: tradeTime, dtype: int64

2.0    160621
1.0     82386
3.0     67611
4.0      6821
5.0      1107
6.0       228
7.0        37
0.0        28
8.0         7
9.0         5
Name: livingRoom, dtype: int64

1.0     225659
2.0      72502
0.0      19686
3.0        918
4.0         47
6.0         16
5.0          7
14.0         4
16.0         4
15.0         2
24.0         1
12.0         1
22.0         1
20.0         1
11.0         1
28.0         1
Name: drawingRoom, dtype: int64

1.0    315290
0.0      2680
2.0       828
3.0        29
4.0        24
Name: kitchen, dtype: int64

1.0       261490
2.0        52606
3.0         3240
0.0          915
4.0          489
5.0           69
2006.0         9
6.0            9
2003.0         7
2004.0         4
2000.0         3
7.0            3
1990.0         2
2005.0         2
1994.0         1
1996.0         1
2011.0         1
Name: bathRoom, dtype: int64

6.0     107791
18.0     23013
16.0     15999
24.0     13594
5.0      13467
20.0     10025
7.0       9961
11.0      9675
22.0      9228
12.0      9118
21.0      9018
14.0      8837
28.0      7449
15.0      7283
9.0       7109
26.0      6886
25.0      6403
10.0      5707
17.0      5233
27.0      4854
19.0      4721
13.0      4311
23.0      3539
4.0       3023
32.0      2477
30.0      2472
8.0       2342
29.0      1836
3.0       1098
31.0       670
33.0       571
34.0       555
1.0        332
2.0        185
42.0        34
37.0        16
36.0        12
35.0         4
57.0         2
63.0         1
Name: floor, dtype: int64

4.000    174426
1.000     84541
3.000     59715
2.000       137
0.500        15
0.333         5
0.048         4
0.125         3
0.250         2
0.429         1
0.375         1
0.667         1
Name: buildingType, dtype: int64

2001.0    29880
2004.0    21145
2003.0    19409
2005.0    18924
2006.0    14854
2007.0    14213
2000.0    13903
2002.0    12358
2008.0    12162
2009.0    11565
1998.0    11308
1999.0    10204
1995.0     9073
1996.0     9068
1992.0     8482
1990.0     8394
1994.0     7735
2010.0     7243
1993.0     6754
1997.0     6463
1988.0     5576
2011.0     5520
1989.0     5493
2012.0     5057
1987.0     4943
1986.0     4865
1985.0     4705
1991.0     4329
1984.0     3349
1980.0     3324
1983.0     2884
1982.0     2778
2013.0     2344
2014.0     2127
1981.0     2084
1979.0     1750
1978.0      734
1977.0      501
2015.0      478
1976.0      438
1975.0      382
1970.0      294
1965.0      192
1974.0      179
1960.0      176
1973.0      169
1958.0      125
1964.0      105
1966.0       93
1963.0       89
2016.0       85
1956.0       78
1967.0       76
1957.0       66
1955.0       65
1954.0       63
1959.0       51
1972.0       32
1962.0       21
1.0          16
0.0          16
1953.0       13
1950.0       12
1971.0        9
1961.0        8
1952.0        5
1968.0        4
1969.0        4
1944.0        2
1934.0        2
1933.0        1
1914.0        1
1906.0        1
Name: constructionTime, dtype: int64

1.0    118746
4.0    117438
3.0     77251
2.0      5390
0.0        26
Name: renovationCondition, dtype: int64

6.0    188067
2.0    115779
4.0     14341
3.0       253
1.0       196
5.0       187
0.0        28
Name: buildingStructure, dtype: int64

1.0    184008
0.0    134843
Name: elevator, dtype: int64

1.0    205862
0.0    112989
Name: fiveYearsProperty, dtype: int64

1.0    191678
0.0    127173
Name: subway, dtype: int64

7.0     107244
6.0      38634
8.0      38200
10.0     31293
2.0      29338
1.0      17086
4.0      15313
11.0     13974
9.0      11371
13.0      9202
5.0       2955
3.0       2537
12.0      1704
Name: district, dtype: int64

                 Lng            Lat      tradeTime     totalPrice  \
count  318851.000000  318851.000000  318851.000000  318851.000000   
mean      116.418459      39.949591    2014.783943     349.030201   
std         0.112054       0.091983       1.656591     230.780778   
min       116.072514      39.627030    2002.000000       0.100000   
25%       116.344985      39.893200    2013.000000     205.000000   
50%       116.416780      39.934527    2015.000000     294.000000   
75%       116.477581      40.003018    2016.000000     425.500000   
max       116.732378      40.252758    2018.000000   18130.000000   

              square     livingRoom    drawingRoom        kitchen  \
count  318851.000000  318851.000000  318851.000000  318851.000000   
mean       83.240597       2.010368       1.172971       0.994599   
std        37.234661       0.776783       0.535707       0.109609   
min         6.900000       0.000000       0.000000       0.000000   
25%        57.900000       1.000000       1.000000       1.000000   
50%        74.260000       2.000000       1.000000       1.000000   
75%        98.710000       2.000000       1.000000       1.000000   
max      1745.500000       9.000000      28.000000       4.000000   

            bathRoom          floor   buildingType  constructionTime  \
count  318851.000000  318851.000000  318851.000000     318851.000000   
mean        1.376442      13.299679       3.016066       1999.123318   
std        19.418864       7.826330       1.268263         21.759756   
min         0.000000       1.000000       0.048000          0.000000   
25%         1.000000       6.000000       1.000000       1994.000000   
50%         1.000000      11.000000       4.000000       2001.000000   
75%         1.000000      19.000000       4.000000       2005.000000   
max      2011.000000      63.000000       4.000000       2016.000000   

       renovationCondition  buildingStructure   ladderRatio       elevator  \
count        318851.000000      318851.000000  3.188510e+05  318851.000000   
mean              2.606330           4.451026  6.316486e+01       0.577097   
std               1.311739           1.901753  2.506851e+04       0.494021   
min               0.000000           0.000000  0.000000e+00       0.000000   
25%               1.000000           2.000000  2.500000e-01       0.000000   
50%               3.000000           6.000000  3.330000e-01       1.000000   
75%               4.000000           6.000000  5.000000e-01       1.000000   
max               4.000000           6.000000  1.000940e+07       1.000000   

       fiveYearsProperty         subway       district  communityAverage  
count      318851.000000  318851.000000  318851.000000     318851.000000  
mean            0.645637       0.601152       6.763564      63675.668758  
std             0.478321       0.489662       2.812616      22313.705331  
min             0.000000       0.000000       1.000000      10847.000000  
25%             0.000000       0.000000       6.000000      46339.000000  
50%             1.000000       1.000000       7.000000      59015.000000  
75%             1.000000       1.000000       8.000000      75942.000000  
max             1.000000       1.000000      13.000000     183109.000000  

